-9.542254221161509520e+01 2.983532072544815605e+01
-9.542019419681595593e+01 2.983464178767858499e+01
-9.541784618201680246e+01 2.983543388129449880e+01
-9.543741297200965334e+01 2.986134319416926886e+01
-9.542110731368225629e+01 2.985840186381041050e+01
-9.542215087581523392e+01 2.986360569699491307e+01
-9.539306158135916291e+01 2.986315320053348898e+01
-9.539384425295888548e+01 2.985693116612444342e+01
-9.538986567232700509e+01 2.975262615467089233e+01
-9.539009395154359083e+01 2.975169184228099439e+01
-9.538983306101034998e+01 2.975064426954851982e+01
-9.539002872891028062e+01 2.974993644393723713e+01
-9.539006134022693573e+01 2.974914367331914278e+01
-9.539446386797534672e+01 2.975152196636537383e+01
-9.539462692455859383e+01 2.974987981767241507e+01
-9.539469214719191825e+01 2.975401345094134342e+01
-9.539482259245852447e+01 2.975285265333268470e+01
-9.539371380769227926e+01 2.974752979947532694e+01
-9.539328986057576287e+01 2.975540072801042868e+01
-9.537049455023407063e+01 2.974962499908493996e+01
-9.537336434609969160e+01 2.974801113298958199e+01
-9.537307084424980985e+01 2.974954005941183866e+01
-9.537359262531627735e+01 2.974662375365009126e+01
-9.538611537091171044e+01 2.974056436172978835e+01
-9.538611537091171044e+01 2.974141383126256599e+01
-9.538862644229412524e+01 2.974274465239664167e+01
-9.539690971672443709e+01 2.974843583711249195e+01
-9.540450815350499170e+01 2.974322600888291035e+01
-9.540444293087169569e+01 2.975429657027002861e+01
-9.536752692041848434e+01 2.974362241837187071e+01
-9.536892920703463972e+01 2.974319769385942891e+01
-9.536136338157074022e+01 2.973750621183363663e+01
-9.536022198548783990e+01 2.973900698223134853e+01
-9.535839575175515392e+01 2.973691156074730557e+01
-9.535956975915472356e+01 2.973575056513212189e+01
-9.535725435567225361e+01 2.973359844015694975e+01
-9.535790658200535574e+01 2.973946004057984283e+01
-9.535529767667297563e+01 2.973696819433599003e+01
-9.536080898918761761e+01 2.973286217627597239e+01
-9.535797180463865175e+01 2.973147458735029502e+01
-9.537675592303179428e+01 2.973017193538273162e+01
-9.537796254174801902e+01 2.972949228416351275e+01
-9.537232078396675661e+01 2.972717010775972568e+01
-9.535898275545494585e+01 2.974546287047044046e+01
-9.535177565447423831e+01 2.974200845565410845e+01
-9.527892197306744038e+01 2.976380891481786861e+01
-9.531348996872149826e+01 2.979834019141190637e+01
-9.532262113738482867e+01 2.978305732499994818e+01
-9.525452870820967632e+01 2.978769903488412396e+01
-9.533357853978084506e+01 2.974149877782008033e+01
-9.532809983858282976e+01 2.974251813089767538e+01
-9.533592655457998433e+01 2.973832739087113453e+01
-9.531466397612106789e+01 2.974025288776485709e+01
-9.531870777938624428e+01 2.973855392183620339e+01
-9.533918768624545237e+01 2.974489658111510337e+01
-9.529353184292877188e+01 2.973470282584612434e+01
-9.530853304858996466e+01 2.973912024701035151e+01
-9.530488058112462113e+01 2.974093246607743168e+01
-9.535940670257140539e+01 2.971986339730175075e+01
-9.539188757395957907e+01 2.975050270482606507e+01
-9.539182235132626886e+01 2.974908704660650827e+01
-9.539240935502606078e+01 2.975508930013574371e+01
-9.541301970715186087e+01 2.977598113364023291e+01
-9.541510683141775928e+01 2.977626419089613208e+01
-9.542802091281306787e+01 2.978079299817504833e+01
-9.542502067168082647e+01 2.978056656267595415e+01
-9.542417277744779369e+01 2.978198177614357078e+01
-9.534401416111030869e+01 2.967147842738818397e+01
-9.534975375284156485e+01 2.967306518926290693e+01
-9.531348996872146984e+01 2.967895865701356684e+01
-9.532653449538337043e+01 2.968099862305722780e+01
-9.517730511037115093e+01 2.969482396838706961e+01
-9.520417683529467467e+01 2.968258523469448207e+01
-9.559342551088600715e+01 2.994516290559448635e+01
-9.559446907301895635e+01 2.995375291238458715e+01
-9.549914619443700303e+01 2.970816588915449685e+01
-9.549914619443700303e+01 2.970068783337294960e+01
-9.551166894003243613e+01 2.970136767963388280e+01
-9.549392838377224280e+01 2.971269777316862104e+01
-9.551479962643128374e+01 2.971111163703086788e+01
-9.552471346669433672e+01 2.971224459397188511e+01
-9.542270526819821441e+01 2.966623626822405413e+01
-9.541331320900165736e+01 2.967394356453445425e+01
-9.540679094567069285e+01 2.967575696017823716e+01
-9.539974690127326085e+01 2.968391683584694718e+01
-9.547540515591232690e+01 2.972402658823258292e+01
-9.547279625057994679e+01 2.972991706671504630e+01
-9.552236545189519745e+01 2.973059671505669144e+01
-9.554114957028833999e+01 2.970023459997602444e+01
-9.554480203775366931e+01 2.969275595369007448e+01
-9.554793272415253114e+01 2.969796840231632729e+01
-9.542792307886298886e+01 2.963993634245527531e+01
-9.542061814393231600e+01 2.963766878573161279e+01
-9.554036689868863164e+01 2.960682494610177784e+01
-9.554349758508747925e+01 2.961136139692717251e+01
-9.553880155548920072e+01 2.968844981390714466e+01
-9.556828218574510458e+01 2.967983698080130850e+01
-9.558263116507320944e+01 2.968006364375894179e+01
-9.547410070324612263e+01 2.975913778702453172e+01
-9.547410070324612263e+01 2.976230851569050273e+01
-9.544566363512318219e+01 2.974668038175401108e+01
-9.543382572717752055e+01 2.974781293711651387e+01
-9.543698902489303748e+01 2.974721834714643620e+01
-9.542952103337908909e+01 2.974750148566720043e+01
-9.537033149365069562e+01 2.968638166802697498e+01
-9.537515796851560879e+01 2.968734491934825215e+01
-9.536994015785083434e+01 2.969799673010259866e+01
-9.539081140050988949e+01 2.969420073556203477e+01
-9.542029203076580757e+01 2.966847484529273160e+01
-9.542166170606529363e+01 2.966836150081581991e+01
-9.540163835763928546e+01 2.967669197952820426e+01
-9.542224870976504292e+01 2.965260537584620693e+01
-9.543242344056132254e+01 2.965679969325810106e+01
-9.544475051825682499e+01 2.966932492479812566e+01
-9.536837481465134658e+01 2.968966801690478263e+01
-9.536054809865420623e+01 2.967550195339193309e+01
-9.535976542705451209e+01 2.963219809496263935e+01
-9.535187348842404731e+01 2.969946976398143335e+01
-9.535435194848982121e+01 2.969567382510004094e+01
-9.553240973742485664e+01 2.979879298148286537e+01
-9.553984511762214993e+01 2.979800059751390862e+01
-9.550501623143483698e+01 2.981746878602345774e+01
-9.551336472849847326e+01 2.977003674645396458e+01
-9.559711058966793473e+01 2.973113476672851974e+01
-9.561472070066150764e+01 2.974070594048490079e+01
-9.562000373395959230e+01 2.974874728565910331e+01
-9.551793031283011715e+01 2.989134546589884422e+01
-9.551871298442983971e+01 2.986578330751669341e+01
-9.553162706582511987e+01 2.985209468055193582e+01
-9.553775799335622310e+01 2.985673318593483927e+01
-9.552223500662854860e+01 2.984519309075160720e+01
-9.550906003470002759e+01 2.983693318415831186e+01
-9.552053921816249726e+01 2.985141585680761267e+01
-9.559789326126760045e+01 2.988727405641219548e+01
-9.538115845077999211e+01 2.979222732490030623e+01
-9.538885472151052625e+01 2.978696316840525071e+01
-9.538141934131324717e+01 2.978696316840525071e+01
-9.538044100181359397e+01 2.978651032480627947e+01
-9.538976783837686924e+01 2.978288750226446524e+01
-9.539889900704019965e+01 2.978537820684604753e+01
-9.536433101138614177e+01 2.980796153950071670e+01
-9.536785303358485066e+01 2.980796153950071670e+01
-9.535741741225533019e+01 2.979850998792862882e+01
-9.535709129908877912e+01 2.979732140626000714e+01
-9.535846097438826519e+01 2.979511400284385658e+01
-9.536478756981929905e+01 2.978135908468232884e+01
-9.536511368298586433e+01 2.978062317159869821e+01
-9.537274473108308825e+01 2.977360342110380031e+01
-9.536426578875283155e+01 2.980586756017696004e+01
-9.536335267188650278e+01 2.980892362340984292e+01
-9.535663474065560763e+01 2.978594426742667167e+01
-9.538650670671138698e+01 2.977167856484686936e+01
-9.536811392411807731e+01 2.982623955095339596e+01
-9.536778781095154045e+01 2.982312743213562811e+01
-9.536909226361773051e+01 2.982986080358283587e+01
-9.536922270888433673e+01 2.982901208427168527e+01
-9.534802535305874471e+01 2.982872917623271647e+01
-9.534939502835825920e+01 2.983020028928886802e+01
-9.534326410082715597e+01 2.983218059958581136e+01
-9.534704701355910572e+01 2.983404771334523531e+01
-9.537391873848262946e+01 2.982358010998626341e+01
-9.540202969343903305e+01 2.982324060179048786e+01
-9.540405159507163546e+01 2.982126011433073387e+01
-9.539942078810665294e+01 2.983506612432524463e+01
-9.540763883990364036e+01 2.983257665693533411e+01
-9.534600345142614231e+01 2.983721606896773082e+01
-9.535764569147185910e+01 2.987036461863374015e+01
-9.538112583946329437e+01 2.986719731487383100e+01
-9.539364858505872746e+01 2.986968591915017868e+01
-9.543617374197653191e+01 2.988031834720565527e+01
-9.545078361183786342e+01 2.987850865226171848e+01
-9.529190127709583180e+01 2.986448240304977375e+01
-9.529790175936031460e+01 2.983348192498162277e+01
-9.530598936589069581e+01 2.982261816710301972e+01
-9.531590320615373457e+01 2.982669221470840881e+01
-9.530129333629241728e+01 2.981922300057669517e+01
-9.526920380070411909e+01 2.985927861558195318e+01
-9.545600142250262365e+01 2.998499845130812247e+01
-9.545861032783501798e+01 2.997957497579736952e+01
-9.511006057542886083e+01 2.968490844226695913e+01
-9.512310510209076142e+01 2.967402856818578627e+01
-9.564462527803384262e+01 2.991028664236325341e+01
-9.565780024996236364e+01 2.988665202087525685e+01
-9.566210494376079509e+01 2.989411619114684626e+01
-9.567606258728902446e+01 2.986029676926412080e+01
-9.567162744822398679e+01 2.988936632927973136e+01
-9.553909505733902563e+01 2.991605309138659763e+01
-9.539325724925886618e+01 2.964024812751159388e+01
